m=10:5:300;
s=12*m.^0.67*10^-2;